
# Surface 0 of 1 surfaces

# Curve title: "v(x,y)"

# Contour 0, label:        5
 1.90909  0.89368  5 
 1.90313  0.9  5 
 1.87148  0.95  5 
 1.86869  0.968356  5 
 1.86204  1  5 
 1.86869  1.03164  5 
 1.87148  1.05  5 
 1.90313  1.1  5 
 1.90909  1.10632  5 
 1.94949  1.1353  5 
 1.9899  1.14473  5 
 2.0303  1.14361  5 
 2.07071  1.13071  5 
 2.10815  1.1  5 
 2.11111  1.09659  5 
 2.14145  1.05  5 
 2.14915  1  5 
 2.14145  0.95  5 
 2.11111  0.903409  5 
 2.10815  0.9  5 
 2.07071  0.869286  5 
 2.0303  0.856386  5 
 1.9899  0.855266  5 
 1.94949  0.864697  5 
 1.90909  0.89368  5 


# Contour 1, label:      2.5
 1.94949  0.784124  2.5 
 1.91929  0.8  2.5 
 1.90909  0.804292  2.5 
 1.86869  0.834755  2.5 
 1.85513  0.85  2.5 
 1.82828  0.889192  2.5 
 1.82214  0.9  2.5 
 1.80384  0.95  2.5 
 1.7985  1  2.5 
 1.80384  1.05  2.5 
 1.82214  1.1  2.5 
 1.82828  1.11081  2.5 
 1.85513  1.15  2.5 
 1.86869  1.16524  2.5 
 1.90909  1.19571  2.5 
 1.91929  1.2  2.5 
 1.94949  1.21588  2.5 
 1.9899  1.22631  2.5 
 2.0303  1.22821  2.5 
 2.07071  1.22229  2.5 
 2.11111  1.20709  2.5 
 2.12345  1.2  2.5 
 2.15152  1.18373  2.5 
 2.18736  1.15  2.5 
 2.19192  1.14415  2.5 
 2.22151  1.1  2.5 
 2.23232  1.06725  2.5 
 2.23867  1.05  2.5 
 2.24483  1  2.5 
 2.23867  0.95  2.5 
 2.23232  0.932749  2.5 
 2.22151  0.9  2.5 
 2.19192  0.85585  2.5 
 2.18736  0.85  2.5 
 2.15152  0.816271  2.5 
 2.12345  0.8  2.5 
 2.11111  0.792911  2.5 
 2.07071  0.777715  2.5 
 2.0303  0.771789  2.5 
 1.9899  0.773691  2.5 
 1.94949  0.784124  2.5 


# Contour 2, label:     1.67
 1.94949  0.732336  1.67 
 1.91436  0.75  1.67 
 1.90909  0.752096  1.67 
 1.86869  0.7781  1.67 
 1.84674  0.8  1.67 
 1.82828  0.819842  1.67 
 1.8073  0.85  1.67 
 1.78788  0.890277  1.67 
 1.78359  0.9  1.67 
 1.76936  0.95  1.67 
 1.76495  1  1.67 
 1.76936  1.05  1.67 
 1.78359  1.1  1.67 
 1.78788  1.10972  1.67 
 1.8073  1.15  1.67 
 1.82828  1.18016  1.67 
 1.84674  1.2  1.67 
 1.86869  1.2219  1.67 
 1.90909  1.2479  1.67 
 1.91436  1.25  1.67 
 1.94949  1.26766  1.67 
 1.9899  1.27874  1.67 
 2.0303  1.2828  1.67 
 2.07071  1.28081  1.67 
 2.11111  1.27242  1.67 
 2.15152  1.25624  1.67 
 2.16272  1.25  1.67 
 2.19192  1.2335  1.67 
 2.23096  1.2  1.67 
 2.23232  1.19857  1.67 
 2.27069  1.15  1.67 
 2.27273  1.14601  1.67 
 2.29634  1.1  1.67 
 2.3093  1.05  1.67 
 2.31313  1.00061  1.67 
 2.31319  1  1.67 
 2.31313  0.999393  1.67 
 2.3093  0.95  1.67 
 2.29634  0.9  1.67 
 2.27273  0.853985  1.67 
 2.27069  0.85  1.67 
 2.23232  0.801435  1.67 
 2.23096  0.8  1.67 
 2.19192  0.766504  1.67 
 2.16272  0.75  1.67 
 2.15152  0.743763  1.67 
 2.11111  0.727582  1.67 
 2.07071  0.719189  1.67 
 2.0303  0.717198  1.67 
 1.9899  0.721261  1.67 
 1.94949  0.732336  1.67 


# Contour 3, label:     1.25
 1.94949  0.696656  1.25 
 1.943  0.7  1.25 
 1.90909  0.713882  1.25 
 1.86869  0.74128  1.25 
 1.85942  0.75  1.25 
 1.82828  0.778694  1.25 
 1.81164  0.8  1.25 
 1.78788  0.836333  1.25 
 1.78046  0.85  1.25 
 1.7599  0.9  1.25 
 1.74916  0.95  1.25 
 1.74747  0.975288  1.25 
 1.74549  1  1.25 
 1.74747  1.02471  1.25 
 1.74916  1.05  1.25 
 1.7599  1.1  1.25 
 1.78046  1.15  1.25 
 1.78788  1.16367  1.25 
 1.81164  1.2  1.25 
 1.82828  1.22131  1.25 
 1.85942  1.25  1.25 
 1.86869  1.25872  1.25 
 1.90909  1.28612  1.25 
 1.943  1.3  1.25 
 1.94949  1.30334  1.25 
 1.9899  1.31655  1.25 
 2.0303  1.32281  1.25 
 2.07071  1.32327  1.25 
 2.11111  1.31809  1.25 
 2.15152  1.30668  1.25 
 2.16735  1.3  1.25 
 2.19192  1.2901  1.25 
 2.23232  1.26594  1.25 
 2.25258  1.25  1.25 
 2.27273  1.23171  1.25 
 2.30125  1.2  1.25 
 2.31313  1.18226  1.25 
 2.33352  1.15  1.25 
 2.35327  1.1  1.25 
 2.35354  1.09881  1.25 
 2.36603  1.05  1.25 
 2.37003  1  1.25 
 2.36603  0.95  1.25 
 2.35354  0.901193  1.25 
 2.35327  0.9  1.25 
 2.33352  0.85  1.25 
 2.31313  0.817742  1.25 
 2.30125  0.8  1.25 
 2.27273  0.768288  1.25 
 2.25258  0.75  1.25 
 2.23232  0.734062  1.25 
 2.19192  0.709902  1.25 
 2.16735  0.7  1.25 
 2.15152  0.693324  1.25 
 2.11111  0.681915  1.25 
 2.07071  0.676731  1.25 
 2.0303  0.677186  1.25 
 1.9899  0.68345  1.25 
 1.94949  0.696656  1.25 


# Contour 4, label:        1
 2.0303  0.648697  1 
 2.02433  0.65  1 
 1.9899  0.655472  1 
 1.94949  0.667389  1 
 1.90909  0.687018  1 
 1.89085  0.7  1 
 1.86869  0.713582  1 
 1.82999  0.75  1 
 1.82828  0.751572  1 
 1.79045  0.8  1 
 1.78788  0.803935  1 
 1.76287  0.85  1 
 1.74747  0.894009  1 
 1.74547  0.9  1 
 1.73454  0.95  1 
 1.73104  1  1 
 1.73454  1.05  1 
 1.74547  1.1  1 
 1.74747  1.10599  1 
 1.76287  1.15  1 
 1.78788  1.19607  1 
 1.79045  1.2  1 
 1.82828  1.24843  1 
 1.82999  1.25  1 
 1.86869  1.28642  1 
 1.89085  1.3  1 
 1.90909  1.31298  1 
 1.94949  1.33261  1 
 1.9899  1.34453  1 
 2.02433  1.35  1 
 2.0303  1.3513  1 
 2.07071  1.35401  1 
 2.11111  1.35109  1 
 2.11669  1.35  1 
 2.15152  1.34405  1 
 2.19192  1.33165  1 
 2.23232  1.31224  1 
 2.25178  1.3  1 
 2.27273  1.28593  1 
 2.31301  1.25  1 
 2.31313  1.24987  1 
 2.35354  1.20006  1 
 2.35358  1.2  1 
 2.38238  1.15  1 
 2.39394  1.11754  1 
 2.40064  1.1  1 
 2.41182  1.05  1 
 2.41534  1  1 
 2.41182  0.95  1 
 2.40064  0.9  1 
 2.39394  0.882455  1 
 2.38238  0.85  1 
 2.35358  0.8  1 
 2.35354  0.799936  1 
 2.31313  0.750134  1 
 2.31301  0.75  1 
 2.27273  0.714074  1 
 2.25178  0.7  1 
 2.23232  0.687763  1 
 2.19192  0.66835  1 
 2.15152  0.655947  1 
 2.11669  0.65  1 
 2.11111  0.648905  1 
 2.07071  0.645992  1 
 2.0303  0.648697  1 


# Contour 5, label:     0.83
 1.94949  0.646563  0.83 
 1.94326  0.65  0.83 
 1.90909  0.665145  0.83 
 1.86869  0.692983  0.83 
 1.86117  0.7  0.83 
 1.82828  0.728573  0.83 
 1.81059  0.75  0.83 
 1.78788  0.779415  0.83 
 1.77534  0.8  0.83 
 1.7509  0.85  0.83 
 1.74747  0.859803  0.83 
 1.73402  0.9  0.83 
 1.72431  0.95  0.83 
 1.72122  1  0.83 
 1.72431  1.05  0.83 
 1.73402  1.1  0.83 
 1.74747  1.1402  0.83 
 1.7509  1.15  0.83 
 1.77534  1.2  0.83 
 1.78788  1.22058  0.83 
 1.81059  1.25  0.83 
 1.82828  1.27143  0.83 
 1.86117  1.3  0.83 
 1.86869  1.30702  0.83 
 1.90909  1.33485  0.83 
 1.94326  1.35  0.83 
 1.94949  1.35344  0.83 
 1.9899  1.36862  0.83 
 2.0303  1.37744  0.83 
 2.07071  1.38116  0.83 
 2.11111  1.38029  0.83 
 2.15152  1.37476  0.83 
 2.19192  1.36406  0.83 
 2.22661  1.35  0.83 
 2.23232  1.34775  0.83 
 2.27273  1.32695  0.83 
 2.31006  1.3  0.83 
 2.31313  1.29753  0.83 
 2.35354  1.25929  0.83 
 2.36206  1.25  0.83 
 2.39394  1.20589  0.83 
 2.39796  1.2  0.83 
 2.42385  1.15  0.83 
 2.43434  1.1179  0.83 
 2.44067  1.1  0.83 
 2.45102  1.05  0.83 
 2.45431  1  0.83 
 2.45102  0.95  0.83 
 2.44067  0.9  0.83 
 2.43434  0.882099  0.83 
 2.42385  0.85  0.83 
 2.39796  0.8  0.83 
 2.39394  0.794106  0.83 
 2.36206  0.75  0.83 
 2.35354  0.74071  0.83 
 2.31313  0.702469  0.83 
 2.31006  0.7  0.83 
 2.27273  0.673048  0.83 
 2.23232  0.652246  0.83 
 2.22661  0.65  0.83 
 2.19192  0.635942  0.83 
 2.15152  0.625243  0.83 
 2.11111  0.619714  0.83 
 2.07071  0.618841  0.83 
 2.0303  0.622559  0.83 
 1.9899  0.631377  0.83 
 1.94949  0.646563  0.83 


# Contour 6, label:     0.71
 2.07071  0.599575  0.71 
 2.06786  0.6  0.71 
 2.0303  0.604109  0.71 
 1.9899  0.612925  0.71 
 1.94949  0.627352  0.71 
 1.90909  0.649603  0.71 
 1.90856  0.65  0.71 
 1.86869  0.675224  0.71 
 1.84214  0.7  0.71 
 1.82828  0.712038  0.71 
 1.79693  0.75  0.71 
 1.78788  0.761725  0.71 
 1.76457  0.8  0.71 
 1.74747  0.836382  0.71 
 1.74182  0.85  0.71 
 1.72593  0.9  0.71 
 1.71709  0.95  0.71 
 1.71428  1  0.71 
 1.71709  1.05  0.71 
 1.72593  1.1  0.71 
 1.74182  1.15  0.71 
 1.74747  1.16362  0.71 
 1.76457  1.2  0.71 
 1.78788  1.23827  0.71 
 1.79693  1.25  0.71 
 1.82828  1.28796  0.71 
 1.84214  1.3  0.71 
 1.86869  1.32478  0.71 
 1.90856  1.35  0.71 
 1.90909  1.3504  0.71 
 1.94949  1.37265  0.71 
 1.9899  1.38708  0.71 
 2.0303  1.39589  0.71 
 2.06786  1.4  0.71 
 2.07071  1.40042  0.71 
 2.11111  1.40115  0.71 
 2.12279  1.4  0.71 
 2.15152  1.39757  0.71 
 2.19192  1.38992  0.71 
 2.23232  1.37716  0.71 
 2.27273  1.35829  0.71 
 2.28698  1.35  0.71 
 2.31313  1.33399  0.71 
 2.35354  1.30153  0.71 
 2.35525  1.3  0.71 
 2.39394  1.25922  0.71 
 2.40172  1.25  0.71 
 2.43434  1.20015  0.71 
 2.43444  1.2  0.71 
 2.459  1.15  0.71 
 2.47422  1.1  0.71 
 2.47475  1.09696  0.71 
 2.48413  1.05  0.71 
 2.48734  1  0.71 
 2.48413  0.95  0.71 
 2.47475  0.903039  0.71 
 2.47422  0.9  0.71 
 2.459  0.85  0.71 
 2.43444  0.8  0.71 
 2.43434  0.79985  0.71 
 2.40172  0.75  0.71 
 2.39394  0.740783  0.71 
 2.35525  0.7  0.71 
 2.35354  0.69847  0.71 
 2.31313  0.666006  0.71 
 2.28698  0.65  0.71 
 2.27273  0.64171  0.71 
 2.23232  0.622837  0.71 
 2.19192  0.610083  0.71 
 2.15152  0.602429  0.71 
 2.12279  0.6  0.71 
 2.11111  0.598851  0.71 
 2.07071  0.599575  0.71 


# Contour 7, label:     0.63
 2.0303  0.589127  0.63 
 1.99275  0.6  0.63 
 1.9899  0.600623  0.63 
 1.94949  0.614545  0.63 
 1.90909  0.635721  0.63 
 1.88984  0.65  0.63 
 1.86869  0.663385  0.63 
 1.82945  0.7  0.63 
 1.82828  0.701014  0.63 
 1.78788  0.749918  0.63 
 1.78783  0.75  0.63 
 1.75739  0.8  0.63 
 1.74747  0.821098  0.63 
 1.73548  0.85  0.63 
 1.72054  0.9  0.63 
 1.71227  0.95  0.63 
 1.70966  1  0.63 
 1.71227  1.05  0.63 
 1.72054  1.1  0.63 
 1.73548  1.15  0.63 
 1.74747  1.1789  0.63 
 1.75739  1.2  0.63 
 1.78783  1.25  0.63 
 1.78788  1.25008  0.63 
 1.82828  1.29899  0.63 
 1.82945  1.3  0.63 
 1.86869  1.33662  0.63 
 1.88984  1.35  0.63 
 1.90909  1.36428  0.63 
 1.94949  1.38546  0.63 
 1.9899  1.39938  0.63 
 1.99275  1.4  0.63 
 2.0303  1.41087  0.63 
 2.07071  1.41718  0.63 
 2.11111  1.41884  0.63 
 2.15152  1.41609  0.63 
 2.19192  1.40879  0.63 
 2.2217  1.4  0.63 
 2.23232  1.39705  0.63 
 2.27273  1.38153  0.63 
 2.31313  1.35946  0.63 
 2.32744  1.35  0.63 
 2.35354  1.33126  0.63 
 2.38848  1.3  0.63 
 2.39394  1.29425  0.63 
 2.43129  1.25  0.63 
 2.43434  1.24534  0.63 
 2.46305  1.2  0.63 
 2.47475  1.17363  0.63 
 2.4856  1.15  0.63 
 2.50112  1.1  0.63 
 2.50967  1.05  0.63 
 2.51239  1  0.63 
 2.50967  0.95  0.63 
 2.50112  0.9  0.63 
 2.4856  0.85  0.63 
 2.47475  0.826367  0.63 
 2.46305  0.8  0.63 
 2.43434  0.754664  0.63 
 2.43129  0.75  0.63 
 2.39394  0.705752  0.63 
 2.38848  0.7  0.63 
 2.35354  0.668741  0.63 
 2.32744  0.65  0.63 
 2.31313  0.640537  0.63 
 2.27273  0.618467  0.63 
 2.23232  0.602946  0.63 
 2.2217  0.6  0.63 
 2.19192  0.591212  0.63 
 2.15152  0.583908  0.63 
 2.11111  0.581162  0.63 
 2.07071  0.582822  0.63 
 2.0303  0.589127  0.63 


# Contour 8, label:     0.55
 1.9899  0.584409  0.55 
 1.95455  0.6  0.55 
 1.94949  0.601738  0.55 
 1.90909  0.62184  0.55 
 1.87113  0.65  0.55 
 1.86869  0.651545  0.55 
 1.82828  0.687111  0.55 
 1.81754  0.7  0.55 
 1.78788  0.735686  0.55 
 1.77869  0.75  0.55 
 1.75021  0.8  0.55 
 1.74747  0.805814  0.55 
 1.72914  0.85  0.55 
 1.71515  0.9  0.55 
 1.70746  0.95  0.55 
 1.70707  0.95769  0.55 
 1.70464  1  0.55 
 1.70707  1.04231  0.55 
 1.70746  1.05  0.55 
 1.71515  1.1  0.55 
 1.72914  1.15  0.55 
 1.74747  1.19419  0.55 
 1.75021  1.2  0.55 
 1.77869  1.25  0.55 
 1.78788  1.26431  0.55 
 1.81754  1.3  0.55 
 1.82828  1.31289  0.55 
 1.86869  1.34845  0.55 
 1.87113  1.35  0.55 
 1.90909  1.37816  0.55 
 1.94949  1.39826  0.55 
 1.95455  1.4  0.55 
 1.9899  1.41559  0.55 
 2.0303  1.4272  0.55 
 2.07071  1.43393  0.55 
 2.11111  1.43653  0.55 
 2.15152  1.43524  0.55 
 2.19192  1.42996  0.55 
 2.23232  1.42028  0.55 
 2.27273  1.40557  0.55 
 2.28483  1.4  0.55 
 2.31313  1.38685  0.55 
 2.35354  1.36198  0.55 
 2.36979  1.35  0.55 
 2.39394  1.33018  0.55 
 2.42488  1.3  0.55 
 2.43434  1.28891  0.55 
 2.46483  1.25  0.55 
 2.47475  1.23349  0.55 
 2.49458  1.2  0.55 
 2.51515  1.1502  0.55 
 2.51524  1.15  0.55 
 2.53069  1.1  0.55 
 2.5393  1.05  0.55 
 2.54206  1  0.55 
 2.5393  0.95  0.55 
 2.53069  0.9  0.55 
 2.51524  0.85  0.55 
 2.51515  0.849801  0.55 
 2.49458  0.8  0.55 
 2.47475  0.766514  0.55 
 2.46483  0.75  0.55 
 2.43434  0.711092  0.55 
 2.42488  0.7  0.55 
 2.39394  0.669821  0.55 
 2.36979  0.65  0.55 
 2.35354  0.638018  0.55 
 2.31313  0.613153  0.55 
 2.28483  0.6  0.55 
 2.27273  0.59443  0.55 
 2.23232  0.579722  0.55 
 2.19192  0.570041  0.55 
 2.15152  0.564759  0.55 
 2.11111  0.563473  0.55 
 2.07071  0.566069  0.55 
 2.0303  0.572799  0.55 
 1.9899  0.584409  0.55 


# Contour 9, label:      0.5
 1.94949  0.591643  0.5 
 1.93574  0.6  0.5 
 1.90909  0.613164  0.5 
 1.86869  0.64226  0.5 
 1.86064  0.65  0.5 
 1.82828  0.67824  0.5 
 1.81015  0.7  0.5 
 1.78788  0.726792  0.5 
 1.77298  0.75  0.5 
 1.74747  0.795972  0.5 
 1.7456  0.8  0.5 
 1.72518  0.85  0.5 
 1.71178  0.9  0.5 
 1.70707  0.930806  0.5 
 1.70397  0.95  0.5 
 1.70119  1  0.5 
 1.70397  1.05  0.5 
 1.70707  1.06919  0.5 
 1.71178  1.1  0.5 
 1.72518  1.15  0.5 
 1.7456  1.2  0.5 
 1.74747  1.20403  0.5 
 1.77298  1.25  0.5 
 1.78788  1.27321  0.5 
 1.81015  1.3  0.5 
 1.82828  1.32176  0.5 
 1.86064  1.35  0.5 
 1.86869  1.35774  0.5 
 1.90909  1.38684  0.5 
 1.93574  1.4  0.5 
 1.94949  1.40836  0.5 
 1.9899  1.42586  0.5 
 2.0303  1.43741  0.5 
 2.07071  1.4444  0.5 
 2.11111  1.44758  0.5 
 2.15152  1.44721  0.5 
 2.19192  1.44319  0.5 
 2.23232  1.43515  0.5 
 2.27273  1.42251  0.5 
 2.31313  1.40451  0.5 
 2.32157  1.4  0.5 
 2.35354  1.38224  0.5 
 2.39394  1.35293  0.5 
 2.39756  1.35  0.5 
 2.43434  1.31616  0.5 
 2.44968  1.3  0.5 
 2.47475  1.26779  0.5 
 2.48778  1.25  0.5 
 2.51515  1.20082  0.5 
 2.51561  1.2  0.5 
 2.53715  1.15  0.5 
 2.55089  1.1  0.5 
 2.55556  1.07002  0.5 
 2.55909  1.05  0.5 
 2.56201  1  0.5 
 2.55909  0.95  0.5 
 2.55556  0.92998  0.5 
 2.55089  0.9  0.5 
 2.53715  0.85  0.5 
 2.51561  0.8  0.5 
 2.51515  0.799178  0.5 
 2.48778  0.75  0.5 
 2.47475  0.73221  0.5 
 2.44968  0.7  0.5 
 2.43434  0.683845  0.5 
 2.39756  0.65  0.5 
 2.39394  0.647074  0.5 
 2.35354  0.617756  0.5 
 2.32157  0.6  0.5 
 2.31313  0.595491  0.5 
 2.27273  0.577486  0.5 
 2.23232  0.564845  0.5 
 2.19192  0.556809  0.5 
 2.15152  0.55279  0.5 
 2.11111  0.552418  0.5 
 2.07071  0.555598  0.5 
 2.0303  0.562594  0.5 
 1.9899  0.574145  0.5 
 1.94949  0.591643  0.5 


# Contour 10, label:     0.45
 2.07071  0.543726  0.45 
 2.04382  0.55  0.45 
 2.0303  0.552388  0.45 
 1.9899  0.563881  0.45 
 1.94949  0.58097  0.45 
 1.91818  0.6  0.45 
 1.90909  0.604487  0.45 
 1.86869  0.632477  0.45 
 1.85048  0.65  0.45 
 1.82828  0.669368  0.45 
 1.80276  0.7  0.45 
 1.78788  0.717897  0.45 
 1.76727  0.75  0.45 
 1.74747  0.78568  0.45 
 1.74081  0.8  0.45 
 1.72121  0.85  0.45 
 1.70842  0.9  0.45 
 1.70707  0.908794  0.45 
 1.70042  0.95  0.45 
 1.69773  1  0.45 
 1.70042  1.05  0.45 
 1.70707  1.09121  0.45 
 1.70842  1.1  0.45 
 1.72121  1.15  0.45 
 1.74081  1.2  0.45 
 1.74747  1.21432  0.45 
 1.76727  1.25  0.45 
 1.78788  1.2821  0.45 
 1.80276  1.3  0.45 
 1.82828  1.33063  0.45 
 1.85048  1.35  0.45 
 1.86869  1.36752  0.45 
 1.90909  1.39551  0.45 
 1.91818  1.4  0.45 
 1.94949  1.41903  0.45 
 1.9899  1.43612  0.45 
 2.0303  1.44761  0.45 
 2.04382  1.45  0.45 
 2.07071  1.45627  0.45 
 2.11111  1.46096  0.45 
 2.15152  1.46145  0.45 
 2.19192  1.45786  0.45 
 2.23232  1.45004  0.45 
 2.23246  1.45  0.45 
 2.27273  1.43946  0.45 
 2.31313  1.42399  0.45 
 2.35354  1.40279  0.45 
 2.35815  1.4  0.45 
 2.39394  1.37696  0.45 
 2.42727  1.35  0.45 
 2.43434  1.34349  0.45 
 2.47475  1.30113  0.45 
 2.47575  1.3  0.45 
 2.51222  1.25  0.45 
 2.51515  1.24473  0.45 
 2.54008  1.2  0.45 
 2.55556  1.16009  0.45 
 2.55967  1.15  0.45 
 2.57398  1.1  0.45 
 2.582  1.05  0.45 
 2.58458  1  0.45 
 2.582  0.95  0.45 
 2.57398  0.9  0.45 
 2.55967  0.85  0.45 
 2.55556  0.83991  0.45 
 2.54008  0.8  0.45 
 2.51515  0.755267  0.45 
 2.51222  0.75  0.45 
 2.47575  0.7  0.45 
 2.47475  0.698874  0.45 
 2.43434  0.656507  0.45 
 2.42727  0.65  0.45 
 2.39394  0.623036  0.45 
 2.35815  0.6  0.45 
 2.35354  0.597212  0.45 
 2.31313  0.576009  0.45 
 2.27273  0.560542  0.45 
 2.23246  0.55  0.45 
 2.23232  0.549962  0.45 
 2.19192  0.542142  0.45 
 2.15152  0.53855  0.45 
 2.11111  0.539036  0.45 
 2.07071  0.543726  0.45 


# Contour 11, label:     0.42
 2.0303  0.545143  0.42 
 2.01708  0.55  0.42 
 1.9899  0.557722  0.42 
 1.94949  0.574566  0.42 
 1.90909  0.599049  0.42 
 1.9079  0.6  0.42 
 1.86869  0.626607  0.42 
 1.84438  0.65  0.42 
 1.82828  0.664045  0.42 
 1.79832  0.7  0.42 
 1.78788  0.71256  0.42 
 1.76384  0.75  0.42 
 1.74747  0.779504  0.42 
 1.73794  0.8  0.42 
 1.71884  0.85  0.42 
 1.70707  0.896836  0.42 
 1.7063  0.9  0.42 
 1.69828  0.95  0.42 
 1.69566  1  0.42 
 1.69828  1.05  0.42 
 1.7063  1.1  0.42 
 1.70707  1.10316  0.42 
 1.71884  1.15  0.42 
 1.73794  1.2  0.42 
 1.74747  1.2205  0.42 
 1.76384  1.25  0.42 
 1.78788  1.28744  0.42 
 1.79832  1.3  0.42 
 1.82828  1.33596  0.42 
 1.84438  1.35  0.42 
 1.86869  1.37339  0.42 
 1.9079  1.4  0.42 
 1.90909  1.40095  0.42 
 1.94949  1.42543  0.42 
 1.9899  1.44228  0.42 
 2.01708  1.45  0.42 
 2.0303  1.45486  0.42 
 2.07071  1.46436  0.42 
 2.11111  1.46938  0.42 
 2.15152  1.47041  0.42 
 2.19192  1.46757  0.42 
 2.23232  1.46074  0.42 
 2.27129  1.45  0.42 
 2.27273  1.44962  0.42 
 2.31313  1.43568  0.42 
 2.35354  1.41631  0.42 
 2.38056  1.4  0.42 
 2.39394  1.39139  0.42 
 2.43434  1.36032  0.42 
 2.44611  1.35  0.42 
 2.47475  1.32092  0.42 
 2.49329  1.3  0.42 
 2.51515  1.26955  0.42 
 2.52863  1.25  0.42 
 2.55476  1.2  0.42 
 2.55556  1.19796  0.42 
 2.57512  1.15  0.42 
 2.58835  1.1  0.42 
 2.59575  1.05  0.42 
 2.59596  1.04564  0.42 
 2.59853  1  0.42 
 2.59596  0.954358  0.42 
 2.59575  0.95  0.42 
 2.58835  0.9  0.42 
 2.57512  0.85  0.42 
 2.55556  0.802045  0.42 
 2.55476  0.8  0.42 
 2.52863  0.75  0.42 
 2.51515  0.730455  0.42 
 2.49329  0.7  0.42 
 2.47475  0.67908  0.42 
 2.44611  0.65  0.42 
 2.43434  0.639675  0.42 
 2.39394  0.608613  0.42 
 2.38056  0.6  0.42 
 2.35354  0.583685  0.42 
 2.31313  0.564321  0.42 
 2.27273  0.550376  0.42 
 2.27129  0.55  0.42 
 2.23232  0.539264  0.42 
 2.19192  0.532428  0.42 
 2.15152  0.529591  0.42 
 2.11111  0.530616  0.42 
 2.07071  0.535638  0.42 
 2.0303  0.545143  0.42 


# Contour 12, label:     0.38
 1.9899  0.54936  0.38 
 1.98866  0.55  0.38 
 1.94949  0.566027  0.38 
 1.90909  0.589857  0.38 
 1.89636  0.6  0.38 
 1.86869  0.618781  0.38 
 1.83624  0.65  0.38 
 1.82828  0.656947  0.38 
 1.7924  0.7  0.38 
 1.78788  0.705444  0.38 
 1.75928  0.75  0.38 
 1.74747  0.771271  0.38 
 1.73411  0.8  0.38 
 1.71566  0.85  0.38 
 1.70707  0.884213  0.38 
 1.70321  0.9  0.38 
 1.69544  0.95  0.38 
 1.6929  1  0.38 
 1.69544  1.05  0.38 
 1.70321  1.1  0.38 
 1.70707  1.11579  0.38 
 1.71566  1.15  0.38 
 1.73411  1.2  0.38 
 1.74747  1.22873  0.38 
 1.75928  1.25  0.38 
 1.78788  1.29456  0.38 
 1.7924  1.3  0.38 
 1.82828  1.34305  0.38 
 1.83624  1.35  0.38 
 1.86869  1.38122  0.38 
 1.89636  1.4  0.38 
 1.90909  1.41014  0.38 
 1.94949  1.43397  0.38 
 1.98866  1.45  0.38 
 1.9899  1.45064  0.38 
 2.0303  1.46548  0.38 
 2.07071  1.47515  0.38 
 2.11111  1.48061  0.38 
 2.15152  1.48235  0.38 
 2.19192  1.48052  0.38 
 2.23232  1.475  0.38 
 2.27273  1.46547  0.38 
 2.31313  1.45145  0.38 
 2.31659  1.45  0.38 
 2.35354  1.43435  0.38 
 2.39394  1.41157  0.38 
 2.41122  1.4  0.38 
 2.43434  1.38314  0.38 
 2.4721  1.35  0.38 
 2.47475  1.34731  0.38 
 2.51515  1.30206  0.38 
 2.51687  1.3  0.38 
 2.55108  1.25  0.38 
 2.55556  1.24141  0.38 
 2.57738  1.2  0.38 
 2.59573  1.15  0.38 
 2.59596  1.14908  0.38 
 2.60955  1.1  0.38 
 2.61738  1.05  0.38 
 2.61991  1  0.38 
 2.61738  0.95  0.38 
 2.60955  0.9  0.38 
 2.59596  0.850917  0.38 
 2.59573  0.85  0.38 
 2.57738  0.8  0.38 
 2.55556  0.758594  0.38 
 2.55108  0.75  0.38 
 2.51687  0.7  0.38 
 2.51515  0.697939  0.38 
 2.47475  0.652688  0.38 
 2.4721  0.65  0.38 
 2.43434  0.616857  0.38 
 2.41122  0.6  0.38 
 2.39394  0.58843  0.38 
 2.35354  0.56565  0.38 
 2.31659  0.55  0.38 
 2.31313  0.548546  0.38 
 2.27273  0.534531  0.38 
 2.23232  0.525001  0.38 
 2.19192  0.519478  0.38 
 2.15152  0.517646  0.38 
 2.11111  0.51939  0.38 
 2.07071  0.524853  0.38 
 2.0303  0.534524  0.38 
 1.9899  0.54936  0.38 


# Contour 13, label:     0.36
 1.9899  0.54399  0.36 
 1.97822  0.55  0.36 
 1.94949  0.561757  0.36 
 1.90909  0.585261  0.36 
 1.8906  0.6  0.36 
 1.86869  0.614868  0.36 
 1.83218  0.65  0.36 
 1.82828  0.653398  0.36 
 1.78945  0.7  0.36 
 1.78788  0.701886  0.36 
 1.75699  0.75  0.36 
 1.74747  0.767154  0.36 
 1.7322  0.8  0.36 
 1.71408  0.85  0.36 
 1.70707  0.877901  0.36 
 1.70166  0.9  0.36 
 1.69402  0.95  0.36 
 1.69152  1  0.36 
 1.69402  1.05  0.36 
 1.70166  1.1  0.36 
 1.70707  1.1221  0.36 
 1.71408  1.15  0.36 
 1.7322  1.2  0.36 
 1.74747  1.23285  0.36 
 1.75699  1.25  0.36 
 1.78788  1.29811  0.36 
 1.78945  1.3  0.36 
 1.82828  1.3466  0.36 
 1.83218  1.35  0.36 
 1.86869  1.38513  0.36 
 1.8906  1.4  0.36 
 1.90909  1.41474  0.36 
 1.94949  1.43824  0.36 
 1.97822  1.45  0.36 
 1.9899  1.45601  0.36 
 2.0303  1.47078  0.36 
 2.07071  1.48054  0.36 
 2.11111  1.48622  0.36 
 2.15152  1.48833  0.36 
 2.19192  1.487  0.36 
 2.23232  1.48213  0.36 
 2.27273  1.47342  0.36 
 2.31313  1.46042  0.36 
 2.33788  1.45  0.36 
 2.35354  1.44337  0.36 
 2.39394  1.42205  0.36 
 2.42687  1.4  0.36 
 2.43434  1.39455  0.36 
 2.47475  1.36077  0.36 
 2.48615  1.35  0.36 
 2.51515  1.31791  0.36 
 2.53007  1.3  0.36 
 2.55556  1.26188  0.36 
 2.5633  1.25  0.36 
 2.58876  1.2  0.36 
 2.59596  1.18035  0.36 
 2.60772  1.15  0.36 
 2.62083  1.1  0.36 
 2.62821  1.05  0.36 
 2.63059  1  0.36 
 2.62821  0.95  0.36 
 2.62083  0.9  0.36 
 2.60772  0.85  0.36 
 2.59596  0.819655  0.36 
 2.58876  0.8  0.36 
 2.5633  0.75  0.36 
 2.55556  0.738122  0.36 
 2.53007  0.7  0.36 
 2.51515  0.682087  0.36 
 2.48615  0.65  0.36 
 2.47475  0.639233  0.36 
 2.43434  0.605447  0.36 
 2.42687  0.6  0.36 
 2.39394  0.577952  0.36 
 2.35354  0.556632  0.36 
 2.33788  0.55  0.36 
 2.31313  0.539585  0.36 
 2.27273  0.526577  0.36 
 2.23232  0.517869  0.36 
 2.19192  0.513002  0.36 
 2.15152  0.511673  0.36 
 2.11111  0.513776  0.36 
 2.07071  0.519461  0.36 
 2.0303  0.529215  0.36 
 1.9899  0.54399  0.36 

